99950593
99950611
99950639
99950657
99950671
99950677
99950681
99950687
99950699
99950713
99950729
99950749
99950759
99950777
99950831
99950861
99950867
99950933
99950957
99950959
99950969
99950971
99950987
99951013
99951043
99951083
99951091
99951113
99951119
99951121
99951179
99951233
99951263
99951283
99951287
99951301
99951311
99951323
99951331
99951377
99951389
99951391
99951407
99951421
99951427
99951431
99951443
99951451
99951497
99951503
99951521
99951529
99951557
99951569
99951601
99951623
99951659
99951707
99951743
99951757
99951769
99951773
99951779
99951811
99951833
99951851
99951877
99951881
99951889
99951899
99951919
99951931
99951937
99951949
99951953
99951983
99951991
99952037
99952051
99952063
99952123
99952147
99952159
99952189
99952199
99952201
99952211
99952213
99952243
99952249
99952261
99952267
99952283
99952289
99952291
99952393
99952397
99952399
99952427
99952439
99952441
99952471
99952493
99952499
99952513
99952579
99952591
99952603
99952621
99952631
99952661
99952663
99952669
99952703
99952729
99952739
99952747
99952829
99952847
99952861
99952883
99952889
99952913
99952921
99952949
99952961
99952981
99952997
99953011
99953017
99953023
99953033
99953041
99953059
99953069
99953099
99953143
99953153
99953173
99953179
99953221
99953261
99953263
99953297
99953309
99953339
99953417
99953431
99953453
99953461
99953467
99953473
99953479
99953527
99953573
99953597
99953599
99953603
99953617
99953639
99953657
99953681
99953731
99953753
99953767
99953771
99953797
99953803
99953809
99953831
99953839
99953849
99953873
99953879
99953899
99953911
99953921
99953933
99953947
99953957
99953969
99953977
99953989
99953993
99954011
99954047
99954053
99954077
99954089
99954091
99954103
99954109
99954119
99954133
99954139
99954143
99954181
99954223
99954227
99954233
99954259
99954277
99954293
99954331
99954409
99954431
99954443
99954479
99954487
99954499
99954511
99954541
99954551
99954557
99954559
99954563
99954587
99954623
99954637
99954643
99954667
99954689
99954691
99954721
99954727
99954731
99954733
99954737
99954749
99954769
99954779
99954787
99954823
99954847
99954859
99954863
99954887
99954901
99954913
99954949
99954961
99954973
99954983
99954989
99955003
99955021
99955043
99955057
99955061
99955069
99955073
99955103
99955109
99955111
99955117
99955123
99955133
99955147
99955151
99955159
99955169
99955183
99955187
99955201
99955213
99955231
99955283
99955301
99955313
99955319
99955327
99955343
99955351
99955379
99955391
99955397
99955411
99955451
99955481
99955483
99955519
99955567
99955571
99955573
99955577
99955579
99955589
99955601
99955613
99955643
99955649
99955651
99955673
99955703
99955747
99955763
99955783
99955813
99955829
99955879
99955897
99955901
99955939
99955967
99955993
99956009
99956023
99956029
99956057
99956119
99956147
99956173
99956177
99956189
99956191
99956231
99956249
99956261
99956287
99956299
99956303
99956317
99956341
99956371
99956377
99956387
99956471
99956513
99956543
99956557
99956581
99956599
99956609
99956621
99956627
99956629
99956671
99956683
99956687
99956699
99956713
99956723
99956807
99956837
99956861
99956933
99956959
99956963
99956977
99956999
99957023
99957047
99957049
99957073
99957173
99957181
99957197
99957211
99957217
99957283
99957307
99957317
99957337
99957343
99957353
99957371
99957373
99957383
99957397
99957409
99957419
99957437
99957443
99957449
99957463
99957479
99957491
99957493
99957521
99957527
99957551
99957553
99957587
99957593
99957607
99957643
99957677
99957679
99957703
99957709
99957721
99957761
99957787
99957797
99957853
99957881
99957887
99957889
99957901
99957911
99957953
99957967
99957971
99958051
99958057
99958063
99958073
99958087
99958091
99958093
99958121
99958139
99958141
99958151
99958153
99958193
99958217
99958219
99958231
99958241
99958267
99958277
99958337
99958343
99958357
99958361
99958381
99958393
99958399
99958409
99958421
99958427
99958471
99958499
99958501
99958553
99958561
99958577
99958591
99958627
99958637
99958669
99958709
99958717
99958723
99958739
99958751
99958757
99958763
99958811
99958819
99958823
99958843
99958871
99958877
99958891
99958907
99958927
99958933
99958951
99958979
99958987
99959003
99959011
99959017
99959029
99959063
99959071
99959077
99959117
99959129
99959137
99959161
99959203
99959207
99959239
99959257
99959263
99959273
99959291
99959333
99959339
99959341
99959347
99959359
99959381
99959383
99959413
99959417
99959441
99959467
99959521
99959591
99959617
99959621
99959641
99959653
99959689
99959707
99959719
99959731
99959753
99959759
99959789
99959791
99959803
99959807
99959819
99959833
99959891
99959921
99959933
99959939
99959941
99959947
99959953
99959963
99959987
99959999
99960011
99960019
99960031
99960053
99960061
99960127
99960167
99960191
99960193
99960227
99960229
99960241
99960253
99960257
99960271
99960281
99960299
99960313
99960331
99960379
99960389
99960397
99960437
99960451
99960529
99960533
99960551
99960563
99960571
99960589
99960607
99960613
99960631
99960649
99960659
99960671
99960701
99960719
99960743
99960769
99960793
99960803
99960821
99960857
99960859
99960863
99960899
99960907
99960947
99960953
99960997
99961009
99961061
99961063
99961067
99961079
99961097
99961129
99961153
99961171
99961189
99961193
99961247
99961271
99961273
99961327
99961333
99961361
99961439
99961441
99961469
99961471
99961483
99961553
99961559
99961571
99961591
99961597
99961613
99961663
99961699
99961723
99961727
99961769
99961783
99961787
99961801
99961837
99961847
99961877
99961891
99961909
99961919
99961943
99961957
99961969
99961973
99961987
99961993
99962017
99962029
99962033
99962063
99962069
99962099
99962111
99962113
99962119
99962167
99962171
99962179
99962201
99962231
99962237
99962243
99962257
99962263
99962281
99962297
99962299
99962309
99962323
99962327
99962351
99962353
99962381
99962411
99962417
99962437
99962441
99962491
99962519
99962537
99962543
99962549
99962557
99962587
99962647
99962657
99962683
99962711
99962767
99962773
99962783
99962791
99962801
99962827
99962867
99962869
99962897
99962903
99962909
99962911
99962921
99962923
99962953
99962963
99962981
99962983
99962987
99963007
99963067
99963107
99963121
99963131
99963133
99963139
99963151
99963167
99963209
99963211
99963217
99963271
99963277
99963317
99963329
99963337
99963343
99963401
99963403
99963419
99963431
99963439
99963443
99963449
99963463
99963467
99963469
99963473
99963509
99963517
99963533
99963569
99963581
99963593
99963601
99963607
99963613
99963629
99963637
99963659
99963673
99963683
99963697
99963707
99963713
99963719
99963737
99963739
99963761
99963779
99963793
99963817
99963833
99963839
99963881
99963887
99963889
99963967
99963977
99963979
99964019
99964021
99964031
99964061
99964069
99964079
99964091
99964093
99964103
99964127
99964129
99964147
99964153
99964169
99964211
99964259
99964283
99964313
99964321
99964331
99964387
99964391
99964393
99964409
99964411
99964451
99964481
99964483
99964493
99964499
99964511
99964517
99964523
99964531
99964541
99964549
99964577
99964589
99964597
99964691
99964699
99964717
99964721
99964741
99964751
99964759
99964771
99964789
99964793
99964807
99964829
99964841
99964901
99964903
99964933
99964957
99964993
99965027
99965051
99965069
99965077
99965081
99965123
99965147
99965149
99965161
99965167
99965189
99965191
99965207
99965209
99965221
99965263
99965267
99965303
99965323
99965329
99965351
99965353
99965357
99965363
99965377
99965399
99965413
99965417
99965443
99965471
99965477
99965507
99965539
99965549
99965557
99965611
99965617
99965623
99965653
99965683
99965737
99965741
99965743
99965759
99965773
99965819
99965839
99965849
99965857
99965869
99965909
99965923
99965953
99965963
99965977
99965989
99966017
99966043
99966059
99966067
99966089
99966101
99966121
99966131
99966149
99966151
99966157
99966169
99966187
99966197
99966203
99966233
99966247
99966259
99966263
99966281
99966283
99966287
99966299
99966301
99966329
99966371
99966389
99966397
99966401
99966403
99966431
99966457
99966463
99966469
99966499
99966539
99966557
99966577
99966583
99966589
99966631
99966673
99966703
99966719
99966721
99966731
99966761
99966773
99966829
99966833
99966869
99966877
99966899
99966929
99966949
99966967
99966989
99966991
99967001
99967009
99967013
99967027
99967051
99967093
99967097
99967103
99967121
99967139
99967159
99967163
99967171
99967183
99967193
99967207
99967237
99967249
99967253
99967277
99967297
99967313
99967319
99967333
99967339
99967367
99967403
99967459
99967481
99967501
99967519
99967537
99967573
99967579
99967583
99967613
99967619
99967649
99967687
99967691
99967739
99967753
99967781
99967793
99967801
99967807
99967811
99967817
99967831
99967841
99967859
99967897
99967927
99967937
99967961
99967981
99967993
99967997
99967999
99968003
99968021
99968027
99968053
99968059
99968111
99968119
99968137
99968153
99968207
99968227
99968233
99968237
99968263
99968269
99968287
99968299
99968333
99968357
99968359
99968387
99968399
99968411
99968461
99968471
99968527
99968543
99968563
99968567
99968579
99968591
99968599
99968611
99968621
99968629
99968647
99968669
99968723
99968731
99968749
99968753
99968767
99968777
99968797
99968801
99968809
99968819
99968839
99968863
99968867
99968873
99968881
99968903
99968917
99968927
99968933
99968977
99968989
99969031
99969091
99969131
99969143
99969151
99969167
99969229
99969239
99969251
99969253
99969257
99969319
99969341
99969343
99969347
99969371
99969379
99969391
99969407
99969413
99969481
99969487
99969509
99969553
99969557
99969559
99969581
99969589
99969601
99969619
99969647
99969679
99969691
99969733
99969743
99969763
99969769
99969781
99969791
99969827
99969833
99969847
99969851
99969853
99969941
99969943
99969949
99970007
99970061
99970063
99970093
99970099
99970111
99970127
99970139
99970147
99970151
99970193
99970253
99970261
99970271
99970289
99970291
99970307
99970369
99970373
99970391
99970393
99970417
99970427
99970441
99970459
99970483
99970487
99970501
99970531
99970537
99970543
99970579
99970589
99970597
99970601
99970613
99970621
99970649
99970697
99970699
99970729
99970733
99970757
99970813
99970831
99970841
99970847
99970853
99970861
99970883
99970889
99970907
99970919
99970933
99970961
99970979
99970993
99971017
99971023
99971051
99971057
99971083
99971099
99971107
99971117
99971129
99971143
99971171
99971177
99971189
99971219
99971231
99971233
99971257
99971281
99971309
99971327
99971329
99971357
99971359
99971371
99971413
99971449
99971519
99971527
99971533
99971551
99971561
99971563
99971579
99971587
99971609
99971633
99971659
99971687
99971701
99971717
99971723
99971737
99971759
99971761
99971779
99971797
99971801
99971803
99971813
99971827
99971843
99971873
99971881
99971897
99971929
99971941
99971953
99972013
99972043
99972049
99972079
99972157
99972161
99972163
99972221
99972233
99972269
99972287
99972289
99972311
99972317
99972403
99972437
99972451
99972487
99972503
99972517
99972533
99972539
99972577
99972583
99972589
99972601
99972629
99972641
99972667
99972679
99972703
99972709
99972739
99972791
99972793
99972809
99972823
99972857
99972871
99972877
99972913
99972967
99972991
99973009
99973037
99973057
99973061
99973091
99973099
99973123
99973163
99973169
99973177
99973187
99973201
99973207
99973217
99973219
99973229
99973253
99973259
99973261
99973309
99973333
99973339
99973399
99973403
99973439
99973441
99973453
99973463
99973499
99973501
99973513
99973541
99973579
99973597
99973613
99973637
99973639
99973669
99973673
99973681
99973691
99973697
99973723
99973733
99973781
99973813
99973879
99973897
99973901
99973903
99973919
99973921
99973981
99973987
99973997
99974003
99974023
99974027
99974041
99974089
99974099
99974129
99974131
99974141
99974153
99974207
99974213
99974227
99974239
99974249
99974279
99974291
99974309
99974321
99974327
99974351
99974363
99974393
99974419
99974423
99974429
99974437
99974471
99974503
99974507
99974521
99974531
99974549
99974551
99974587
99974591
99974627
99974639
99974647
99974681
99974711
99974723
99974729
99974731
99974779
99974821
99974863
99974867
99974879
99974891
99974923
99974929
99974947
99974981
99974983
99974989
99975019
99975041
99975047
99975061
99975067
99975091
99975103
99975107
99975133
99975163
99975167
99975173
99975233
99975247
99975257
99975269
99975277
99975287
99975307
99975329
99975347
99975349
99975367
99975371
99975389
99975413
99975427
99975451
99975461
99975467
99975479
99975481
99975493
99975497
99975509
99975529
99975541
99975553
99975607
99975619
99975637
99975647
99975653
99975661
99975679
99975683
99975709
99975761
99975769
99975773
99975787
99975791
99975823
99975829
99975833
99975839
99975857
99975923
99975937
99975943
99975949
99975973
99975977
99975979
99975991
99976007
99976013
99976027
99976033
99976039
99976067
99976091
99976141
99976153
99976189
99976211
99976249
99976273
99976277
99976297
99976301
99976319
99976321
99976361
99976363
99976367
99976399
99976403
99976421
99976441
99976447
99976451
99976453
99976483
99976511
99976517
99976523
99976531
99976549
99976577
99976579
99976589
99976649
99976687
99976697
99976703
99976741
99976753
99976757
99976759
99976771
99976777
99976781
99976787
99976801
99976817
99976823
99976843
99976861
99976897
99976939
99976999
99977041
99977081
99977099
99977117
99977177
99977179
99977197
99977209
99977233
99977249
99977291
99977299
99977309
99977327
99977351
99977363
99977377
99977399
99977417
99977431
99977461
99977473
99977477
99977489
99977503
99977509
99977513
99977519
99977593
99977599
99977611
99977617
99977621
99977627
99977641
99977651
99977653
99977693
99977707
99977729
99977749
99977771
99977797
99977827
99977831
99977851
99977861
99977863
99977873
99977893
99977909
99977923
99977989
99978001
99978017
99978023
99978029
99978041
99978059
99978077
99978089
99978097
99978101
99978121
99978161
99978187
99978199
99978211
99978227
99978251
99978293
99978331
99978349
99978383
99978407
99978419
99978443
99978469
99978497
99978499
99978517
99978533
99978559
99978583
99978601
99978611
99978643
99978653
99978667
99978691
99978727
99978731
99978733
99978737
99978743
99978793
99978797
99978811
99978841
99978859
99978883
99978899
99978919
99978943
99978959
99978971
99978973
99979021
99979031
99979039
99979043
99979067
99979079
99979081
99979109
99979133
99979157
99979181
99979219
99979223
99979249
99979303
99979333
99979337
99979357
99979381
99979417
99979423
99979471
99979493
99979507
99979531
99979541
99979553
99979591
99979603
99979609
99979631
99979637
99979651
99979657
99979673
99979699
99979741
99979751
99979753
99979777
99979787
99979813
99979819
99979871
99979903
99979927
99979933
99979961
99979963
99979967
99979981
99979993
99980003
99980047
99980063
99980087
99980123
99980137
99980171
99980173
99980189
99980219
99980291
99980303
99980311
99980317
99980323
99980329
99980347
99980351
99980357
99980399
99980431
99980437
99980443
99980477
99980501
99980513
99980539
99980597
99980653
99980659
99980677
99980681
99980687
99980707
99980759
99980789
99980813
99980833
99980911
99980953
99980981
99981041
99981047
99981071
99981073
99981163
99981179
99981181
99981221
99981227
99981229
99981251
99981317
99981347
99981377
99981389
99981421
99981451
99981467
99981491
99981509
99981517
99981521
99981523
99981547
99981571
99981593
99981599
99981601
99981613
99981619
99981631
99981649
99981653
99981697
99981701
99981757
99981787
99981793
99981803
99981823
99981829
99981853
99981863
99981887
99981899
99981907
99981911
99981929
99981941
99981953
99981961
99981967
99981979
99981991
99982007
99982013
99982033
99982073
99982079
99982097
99982109
99982133
99982193
99982217
99982229
99982241
99982243
99982247
99982249
99982261
99982297
99982303
99982307
99982339
99982367
99982369
99982391
99982417
99982429
99982447
99982453
99982483
99982499
99982507
99982523
99982537
99982573
99982601
99982609
99982643
99982669
99982703
99982709
99982717
99982741
99982759
99982801
99982811
99982849
99982859
99982877
99982889
99982901
99982903
99982937
99982943
99982951
99982957
99983017
99983057
99983077
99983083
99983113
99983119
99983129
99983141
99983179
99983183
99983189
99983197
99983201
99983207
99983227
99983237
99983243
99983309
99983311
99983327
99983333
99983353
99983357
99983381
99983413
99983419
99983423
99983431
99983437
99983441
99983449
99983459
99983483
99983489
99983563
99983573
99983581
99983621
99983627
99983633
99983669
99983683
99983717
99983753
99983759
99983761
99983797
99983837
99983861
99983867
99983929
99983957
99983969
99983971
99984029
99984043
99984091
99984097
99984103
99984109
99984119
99984121
99984127
99984133
99984149
99984169
99984187
99984211
99984221
99984239
99984253
99984271
99984277
99984319
99984329
99984337
99984343
99984347
99984371
99984383
99984413
99984421
99984439
99984449
99984457
99984461
99984487
99984491
99984529
99984541
99984559
99984587
99984601
99984607
99984617
99984623
99984629
99984679
99984697
99984733
99984743
99984751
99984757
99984817
99984823
99984853
99984877
99984883
99984893
99984919
99984923
99984947
99984967
99984991
99985009
99985021
99985057
99985091
99985099
99985141
99985147
99985153
99985157
99985159
99985217
99985219
99985241
99985267
99985271
99985273
99985297
99985321
99985337
99985339
99985351
99985397
99985409
99985423
99985427
99985441
99985463
99985489
99985547
99985549
99985559
99985573
99985579
99985603
99985637
99985651
99985661
99985663
99985673
99985681
99985693
99985709
99985723
99985727
99985777
99985799
99985811
99985843
99985849
99985883
99985927
99985973
99985987
99986011
99986023
99986039
99986053
99986063
99986077
99986093
99986111
99986123
99986141
99986153
99986233
99986251
99986269
99986273
99986279
99986329
99986347
99986351
99986353
99986423
99986431
99986449
99986477
99986479
99986483
99986489
99986507
99986521
99986527
99986539
99986597
99986609
99986611
99986629
99986633
99986641
99986647
99986657
99986669
99986699
99986717
99986723
99986743
99986767
99986791
99986801
99986827
99986849
99986851
99986857
99986881
99986891
99986927
99986933
99986947
99986963
99986969
99986989
99986993
99987011
99987037
99987067
99987089
99987103
99987119
99987131
99987133
99987161
99987197
99987211
99987221
99987257
99987263
99987269
99987271
99987281
99987299
99987301
99987313
99987343
99987373
99987449
99987457
99987467
99987497
99987529
99987539
99987571
99987581
99987593
99987611
99987619
99987683
99987691
99987707
99987721
99987763
99987779
99987781
99987787
99987799
99987817
99987869
99987871
99987883
99987887
99987893
99987907
99987917
99987959
99987961
99987973
99987983
99987991
99987997
99988003
99988019
99988037
99988069
99988073
99988099
99988103
99988117
99988139
99988219
99988247
99988253
99988261
99988277
99988289
99988313
99988331
99988349
99988363
99988367
99988403
99988409
99988453
99988477
99988481
99988487
99988489
99988531
99988571
99988573
99988579
99988591
99988597
99988619
99988633
99988649
99988753
99988771
99988807
99988813
99988829
99988831
99988853
99988859
99988879
99988913
99988961
99988997
99989003
99989009
99989023
99989033
99989041
99989047
99989051
99989063
99989081
99989083
99989093
99989101
99989107
99989117
99989159
99989171
99989177
99989179
99989209
99989237
99989251
99989261
99989269
99989311
99989317
99989327
99989333
99989339
99989369
99989389
99989423
99989459
99989479
99989489
99989497
99989501
99989509
99989537
99989543
99989551
99989557
99989567
99989569
99989573
99989581
99989599
99989627
99989639
99989657
99989677
99989683
99989711
99989759
99989783
99989803
99989807
99989819
99989833
99989863
99989887
99989891
99989909
99989963
99989983
99990001
99990029
99990043
99990049
99990053
99990083
99990091
99990113
99990139
99990161
99990181
99990239
99990263
99990281
99990287
99990299
99990307
99990329
99990337
99990389
99990419
99990461
99990467
99990487
99990491
99990493
99990511
99990533
99990547
99990551
99990571
99990577
99990581
99990587
99990589
99990641
99990647
99990679
99990703
99990731
99990739
99990757
99990799
99990871
99990887
99990893
99990911
99990929
99990967
99990971
99990973
99991009
99991033
99991049
99991063
99991081
99991103
99991109
99991207
99991237
99991249
99991271
99991273
99991277
99991303
99991343
99991363
99991379
99991387
99991447
99991481
99991499
99991517
99991519
99991559
99991561
99991583
99991609
99991667
99991673
99991687
99991721
99991733
99991753
99991757
99991769
99991789
99991819
99991831
99991877
99991891
99991897
99991901
99991933
99991937
99991951
99991981
99991987
99991999
99992027
99992051
99992059
99992089
99992099
99992119
99992141
99992149
99992161
99992173
99992209
99992213
99992219
99992239
99992251
99992303
99992309
99992311
99992363
99992381
99992401
99992413
99992429
99992437
99992447
99992449
99992461
99992467
99992471
99992483
99992509
99992527
99992533
99992539
99992617
99992671
99992681
99992747
99992771
99992773
99992777
99992791
99992797
99992803
99992807
99992813
99992831
99992843
99992869
99992897
99992903
99992911
99992917
99992939
99992941
99992947
99992993
99993001
99993053
99993071
99993097
99993109
99993119
99993161
99993163
99993169
99993193
99993199
99993211
99993253
99993263
99993281
99993287
99993317
99993329
99993331
99993343
99993349
99993359
99993407
99993419
99993427
99993433
99993449
99993461
99993463
99993469
99993497
99993511
99993527
99993583
99993601
99993611
99993671
99993679
99993743
99993767
99993781
99993787
99993799
99993821
99993833
99993841
99993889
99993893
99993911
99993917
99993923
99993947
99993991
99993997
99994009
99994021
99994043
99994061
99994073
99994079
99994123
99994129
99994157
99994177
99994183
99994201
99994211
99994229
99994231
99994253
99994267
99994273
99994277
99994309
99994319
99994327
99994361
99994373
99994379
99994471
99994481
99994553
99994567
99994571
99994579
99994607
99994621
99994633
99994637
99994669
99994673
99994679
99994691
99994703
99994711
99994723
99994751
99994759
99994771
99994801
99994819
99994849
99994861
99994877
99994883
99994907
99994919
99994963
99995011
99995039
99995041
99995059
99995087
99995111
99995113
99995171
99995177
99995197
99995209
99995213
99995227
99995249
99995257
99995261
99995267
99995279
99995281
99995297
99995303
99995317
99995407
99995417
99995453
99995507
99995527
99995549
99995551
99995563
99995569
99995573
99995591
99995603
99995629
99995641
99995647
99995663
99995669
99995671
99995681
99995699
99995711
99995723
99995747
99995767
99995771
99995783
99995807
99995813
99995839
99995851
99995869
99995891
99995893
99995899
99995923
99995933
99995939
99995957
99995983
99995999
99996011
99996059
99996077
99996079
99996097
99996121
99996131
99996133
99996139
99996151
99996179
99996181
99996191
99996229
99996241
99996251
99996257
99996271
99996287
99996293
99996317
99996343
99996353
99996389
99996409
99996419
99996473
99996509
99996511
99996517
99996521
99996551
99996577
99996583
99996619
99996647
99996653
99996667
99996671
99996679
99996691
99996697
99996719
99996749
99996769
99996779
99996797
99996803
99996821
99996833
99996863
99996899
99996931
99996947
99996971
99996983
99997033
99997063
99997067
99997069
99997081
99997127
99997129
99997151
99997159
99997187
99997189
99997243
99997267
99997357
99997367
99997369
99997393
99997411
99997427
99997441
99997459
99997493
99997511
99997523
99997531
99997543
99997571
99997609
99997619
99997649
99997669
99997679
99997687
99997691
99997759
99997769
99997783
99997789
99997837
99997841
99997867
99997871
99997873
99997879
99997897
99997901
99997907
99997913
99997949
99997957
99997973
99997981
99998021
99998051
99998071
99998099
99998111
99998147
99998191
99998207
99998231
99998251
99998257
99998291
99998299
99998323
99998357
99998363
99998377
99998413
99998417
99998429
99998441
99998447
99998449
99998473
99998491
99998497
99998513
99998543
99998551
99998557
99998603
99998609
99998611
99998663
99998749
99998783
99998797
99998819
99998851
99998869
99998891
99998909
99998929
99998933
99998953
99998971
99998999
99999043
99999073
99999077
99999079
99999089
99999103
99999113
99999131
99999157
99999167
99999187
99999217
99999247
99999257
99999259
99999307
99999323
99999329
99999343
99999353
99999373
99999401
99999437
99999439
99999481
99999509
99999517
99999539
99999541
99999547
99999551
99999563
99999587
99999589
99999611
99999617
99999623
99999643
99999677
99999703
99999721
99999773
99999787
99999821
99999827
99999839
99999847
99999931
99999941
99999959
99999971
